image_width: 640
image_height: 480
camera_name: camera_optical_link
camera_matrix:
  rows: 3
  cols: 3
  data: [381.36112213134766, 0.0, 320.0, 0.0, 381.361141204834, 240.0, 0.0, 0.0, 1.0]
distortion_model: plumb_bob
distortion_coefficients:
  rows: 1
  cols: 5
  data: [0.0, 0.0, 0.0, 0.0, 0.0]
rectification_matrix:
  rows: 3
  cols: 3
  data: [1.0, 0.0, 0.0, 0.0, 1.0, 0.0, 0.0, 0.0, 1.0]
projection_matrix:
  rows: 3
  cols: 4
  data: [381.36112213134766, 0.0, 320.0, 0.0, 0.0, 381.361141204834, 240.0, 0.0, 0.0, 0.0, 1.0, 0.0]
binning_x: 0
binning_y: 0
roi:
  x_offset: 0
  y_offset: 0
  height: 0
  width: 0
  do_rectify: false
